

===============================================
Summary: mnist_cnnmedium

num_checkpoint: 281
num_generated: 201
num_noised: 50x4
original_acc_mean: 0.920505693950178
original_acc_max: 0.9456
original_acc_min: 0.867
original_acc_std: 0.012169428309190438
original_acc_median: 0.9222
generated_acc_mean: 0.9325034825870647
generated_acc_max: 0.9482
generated_acc_min: 0.8574
generated_acc_std: 0.01254530646256784
generated_acc_median: 0.9355
noise=0.0100_acc_mean: 0.917954
noise=0.0300_acc_mean: 0.9176540000000002
noise=0.0500_acc_mean: 0.9158919999999999
noise=0.1000_acc_mean: 0.9066919999999999

origin-origin: 0.3764400772441286
generated-generated: 0.5096108370859542
origin-generated: 0.4165273769900879
origin-generated(max): 0.5476197059427982

noise_intensity=0.01
noised-noised: 0.3778095490561141
origin-noised: 0.37893397331665096
origin-noised(max): 0.9501772380077941

noise_intensity=0.03
noised-noised: 0.37830243187430523
origin-noised: 0.3776924753135839
origin-noised(max): 0.8625233804826056

noise_intensity=0.05
noised-noised: 0.3504375981155559
origin-noised: 0.363924654660616
origin-noised(max): 0.7884759892578411

noise_intensity=0.1
noised-noised: 0.3112038623162077
origin-noised: 0.33875305639164915
origin-noised(max): 0.6263324773259338

==> start drawing..
plot saved to plot_mnist_cnnmedium.png
