

===============================================
Summary: flowers_convnextbase

num_checkpoint: 160
num_generated: 201
num_noised: 50x4
original_acc_mean: 0.9931838510326882
original_acc_max: 0.9957716701902748
original_acc_min: 0.9902423158237111
original_acc_std: 0.0011676972150853606
original_acc_median: 0.9932509351114003
generated_acc_mean: 0.9942214444123503
generated_acc_max: 0.9954464140510653
generated_acc_min: 0.9918685965197593
generated_acc_std: 0.0005129993293715812
generated_acc_median: 0.9943080175638315
noise=0.0100_acc_mean: 0.9930752967962271
noise=0.0300_acc_mean: 0.9931956415677344
noise=0.0500_acc_mean: 0.9932606927955766
noise=0.1000_acc_mean: 0.9929191738494063

origin-origin: 0.58314556119998
generated-generated: 0.7281754848176681
origin-generated: 0.6223080518206754
origin-generated(max): 0.786132439609679

noise_intensity=0.01
noised-noised: 0.5825306206993648
origin-noised: 0.585363047943842
origin-noised(max): 0.9900911727114134

noise_intensity=0.03
noised-noised: 0.58697368938978
origin-noised: 0.5860181864307472
origin-noised(max): 0.9763778749754829

noise_intensity=0.05
noised-noised: 0.5807208980574041
origin-noised: 0.5840102173966739
origin-noised(max): 0.961838925926709

noise_intensity=0.1
noised-noised: 0.5594305381310264
origin-noised: 0.5720522030925143
origin-noised(max): 0.9197650456811659

==> start drawing..
plot saved to plot_flowers_convnextbase.png
