

===============================================
Summary: stl10_resnet50

num_checkpoint: 79
num_generated: 201
num_noised: 50x4
original_acc_mean: 0.9647262658227846
original_acc_max: 0.969125
original_acc_min: 0.95625
original_acc_std: 0.003451006317036278
original_acc_median: 0.96575
generated_acc_mean: 0.9667095771144278
generated_acc_max: 0.969125
generated_acc_min: 0.96425
generated_acc_std: 0.0010158867142514845
generated_acc_median: 0.966625
noise=0.0100_acc_mean: 0.9643999999999999
noise=0.0300_acc_mean: 0.9652025000000001
noise=0.0500_acc_mean: 0.9645225
noise=0.1000_acc_mean: 0.9639449999999999

origin-origin: 0.6721602793067024
generated-generated: 0.8903036225885446
origin-generated: 0.734641096149685
origin-generated(max): 0.8711995799407606

noise_intensity=0.01
noised-noised: 0.6576065860089059
origin-noised: 0.6689100076788951
origin-noised(max): 0.9918600096508291

noise_intensity=0.03
noised-noised: 0.6773936126433868
origin-noised: 0.6784078154219978
origin-noised(max): 0.9750331358597875

noise_intensity=0.05
noised-noised: 0.6695951599338034
origin-noised: 0.674835568001635
origin-noised(max): 0.9606397435627327

noise_intensity=0.1
noised-noised: 0.6500518370711149
origin-noised: 0.6632198775917169
origin-noised(max): 0.9287635889403525

==> start drawing..
plot saved to plot_stl10_resnet50.png
