

===============================================
Summary: food101_vittiny

num_checkpoint: 296
num_generated: 201
num_noised: 50x4
original_acc_mean: 0.8733680759967889
original_acc_max: 0.8747722772277228
original_acc_min: 0.8714851485148515
original_acc_std: 0.0005605641782862135
original_acc_median: 0.8733861386138614
generated_acc_mean: 0.8737776464213586
generated_acc_max: 0.8750891089108911
generated_acc_min: 0.871960396039604
generated_acc_std: 0.000493898415719808
generated_acc_median: 0.8737821782178218
noise=0.0100_acc_mean: 0.8732760396039603
noise=0.0300_acc_mean: 0.8734178217821781
noise=0.0500_acc_mean: 0.8731540594059407
noise=0.1000_acc_mean: 0.8732079207920793

origin-origin: 0.8827024921643528
generated-generated: 0.9170636358650257
origin-generated: 0.8950814809670534
origin-generated(max): 0.9211978785644662

noise_intensity=0.01
noised-noised: 0.8838704265344997
origin-noised: 0.883477821713195
origin-noised(max): 0.9953377206833419

noise_intensity=0.03
noised-noised: 0.8826467127838316
origin-noised: 0.8832143506715271
origin-noised(max): 0.9906888364550811

noise_intensity=0.05
noised-noised: 0.8797315694201164
origin-noised: 0.8816812737314952
origin-noised(max): 0.9853495485831896

noise_intensity=0.1
noised-noised: 0.878169900294035
origin-noised: 0.8809303264765942
origin-noised(max): 0.9736169396920055

==> start drawing..
plot saved to plot_food101_vittiny.png
