

===============================================
Summary: stl10_resnet

num_checkpoint: 198
num_generated: 201
num_noised: 50x4
original_acc_mean: 0.5125296717171717
original_acc_max: 0.525625
original_acc_min: 0.490875
original_acc_std: 0.006900022435793424
original_acc_median: 0.513125
generated_acc_mean: 0.5162916666666667
generated_acc_max: 0.527375
generated_acc_min: 0.49275
generated_acc_std: 0.005353521144081964
generated_acc_median: 0.517375
noise=0.0100_acc_mean: 0.512495
noise=0.0300_acc_mean: 0.50999
noise=0.0500_acc_mean: 0.505225
noise=0.1000_acc_mean: 0.48587250000000004

origin-origin: 0.793621851149064
generated-generated: 0.8326664751206743
origin-generated: 0.808283707077707
origin-generated(max): 0.8638659548552152

noise_intensity=0.01
noised-noised: 0.7908019072830462
origin-noised: 0.7933452602919079
origin-noised(max): 0.9715097956445667

noise_intensity=0.03
noised-noised: 0.7759772019381301
origin-noised: 0.7854661407296604
origin-noised(max): 0.9254664059511015

noise_intensity=0.05
noised-noised: 0.7452178761816665
origin-noised: 0.7669857419323753
origin-noised(max): 0.8786950100647124

noise_intensity=0.1
noised-noised: 0.6749981944208838
origin-noised: 0.7147701199285573
origin-noised(max): 0.7897507797726587

==> start drawing..
plot saved to plot_stl10_resnet.png
