

===============================================
Summary: stl10_convnextbase

num_checkpoint: 40
num_generated: 201
num_noised: 50x4
original_acc_mean: 0.9952937500000001
original_acc_max: 0.996375
original_acc_min: 0.9935
original_acc_std: 0.0007853890357650701
original_acc_median: 0.9955
generated_acc_mean: 0.9961927860696519
generated_acc_max: 0.996625
generated_acc_min: 0.99575
generated_acc_std: 0.0001644497806420267
generated_acc_median: 0.99625
noise=0.0100_acc_mean: 0.9953475
noise=0.0300_acc_mean: 0.9952850000000001
noise=0.0500_acc_mean: 0.9953099999999999
noise=0.1000_acc_mean: 0.9952275

origin-origin: 0.5541288353022642
generated-generated: 0.8782954978988847
origin-generated: 0.6251702041496743
origin-generated(max): 0.8305162636671692

noise_intensity=0.01
noised-noised: 0.5669815475367492
origin-noised: 0.569494378233106
origin-noised(max): 0.9924480432900495

noise_intensity=0.03
noised-noised: 0.5418982236422216
origin-noised: 0.5571414878148249
origin-noised(max): 0.9843179935464583

noise_intensity=0.05
noised-noised: 0.568790462045874
origin-noised: 0.5703733454783897
origin-noised(max): 0.9844059674615179

noise_intensity=0.1
noised-noised: 0.5464823924426638
origin-noised: 0.5593451754296357
origin-noised(max): 0.9668330026666208

==> start drawing..
plot saved to plot_stl10_convnextbase.png
