

===============================================
Summary: layers_fc0000

num_checkpoint: 301
num_generated: 201
num_noised: 5x4
original_acc_mean: 0.7735119601328905
original_acc_max: 0.7771
original_acc_min: 0.7704
original_acc_std: 0.0013755300319667695
original_acc_median: 0.7735
generated_acc_mean: 0.7754298507462687
generated_acc_max: 0.7763
generated_acc_min: 0.7744
generated_acc_std: 0.0003663786443785355
generated_acc_median: 0.7754
noise=0.0100_acc_mean: 0.77288
noise=0.0300_acc_mean: 0.7744000000000001
noise=0.0500_acc_mean: 0.77272
noise=0.1000_acc_mean: 0.7731000000000001

origin-origin: 0.8771791784515464
generated-generated: 0.9888547825498563
origin-generated: 0.9071036816666596
origin-generated(max): 0.9485954223076981

noise_intensity=0.01
noised-noised: 0.8691872432706873
origin-noised: 0.8786309549606974
origin-noised(max): 0.9942990569991776

noise_intensity=0.03
noised-noised: 0.8627808126105831
origin-noised: 0.8730806972882559
origin-noised(max): 0.9828695516464219

noise_intensity=0.05
noised-noised: 0.8743910820621285
origin-noised: 0.8731530609621037
origin-noised(max): 0.9732359136901646

noise_intensity=0.1
noised-noised: 0.8566212080422438
origin-noised: 0.8646654020367883
origin-noised(max): 0.9453042710777112

==> start drawing..
plot saved to plot_layers_fc0000.png
