

===============================================
Summary: cifar10_vit

num_checkpoint: 370
num_generated: 201
num_noised: 50x4
original_acc_mean: 0.71992
original_acc_max: 0.7265
original_acc_min: 0.7087
original_acc_std: 0.0032136919914976655
original_acc_median: 0.72035
generated_acc_mean: 0.7294467661691542
generated_acc_max: 0.7318
generated_acc_min: 0.727
generated_acc_std: 0.0010144243227156848
generated_acc_median: 0.7295
noise=0.0100_acc_mean: 0.7196960000000001
noise=0.0300_acc_mean: 0.717454
noise=0.0500_acc_mean: 0.7152419999999999
noise=0.1000_acc_mean: 0.695458

origin-origin: 0.7585885513927918
generated-generated: 0.9411051472594195
origin-generated: 0.8108467179107037
origin-generated(max): 0.8546779753175126

noise_intensity=0.01
noised-noised: 0.753970023111419
origin-noised: 0.7569587042322232
origin-noised(max): 0.967679343638079

noise_intensity=0.03
noised-noised: 0.7371996237269826
origin-noised: 0.7473959977278717
origin-noised(max): 0.9114986932799047

noise_intensity=0.05
noised-noised: 0.7074680201617232
origin-noised: 0.7302930487841102
origin-noised(max): 0.8552122072782359

noise_intensity=0.1
noised-noised: 0.6176241536940505
origin-noised: 0.6644166320521118
origin-noised(max): 0.7352111606209684

==> start drawing..
plot saved to plot_cifar10_vit.png
