

===============================================
Summary: cifar10_vittiny

num_checkpoint: 391
num_generated: 201
num_noised: 50x4
original_acc_mean: 0.9777531969309461
original_acc_max: 0.9796
original_acc_min: 0.976
original_acc_std: 0.0005742414185188168
original_acc_median: 0.9777
generated_acc_mean: 0.9777985074626867
generated_acc_max: 0.9788
generated_acc_min: 0.9766
generated_acc_std: 0.0004223221297630398
generated_acc_median: 0.9778
noise=0.0100_acc_mean: 0.977642
noise=0.0300_acc_mean: 0.9777899999999999
noise=0.0500_acc_mean: 0.9777040000000001
noise=0.1000_acc_mean: 0.977768

origin-origin: 0.7500664102469043
generated-generated: 0.8915492532028834
origin-generated: 0.7909805888010386
origin-generated(max): 0.8794707844562496

noise_intensity=0.01
noised-noised: 0.7501056998280172
origin-noised: 0.7488315988642831
origin-noised(max): 0.9944724514764053

noise_intensity=0.03
noised-noised: 0.7538157148928785
origin-noised: 0.7530334975346333
origin-noised(max): 0.9886499532114763

noise_intensity=0.05
noised-noised: 0.75728676644179
origin-noised: 0.7535188558869447
origin-noised(max): 0.9841848146632237

noise_intensity=0.1
noised-noised: 0.7408005540911589
origin-noised: 0.7457841148726727
origin-noised(max): 0.9729409314100956

==> start drawing..
plot saved to plot_cifar10_vittiny.png
