

===============================================
Summary: numberckpt_200

num_checkpoint: 200
num_generated: 201
num_noised: 50x4
original_acc_mean: 0.7636609999999999
original_acc_max: 0.7713
original_acc_min: 0.756
original_acc_std: 0.0032243571452306545
original_acc_median: 0.7638
generated_acc_mean: 0.7703800995024876
generated_acc_max: 0.7742
generated_acc_min: 0.7666
generated_acc_std: 0.001577737529341399
generated_acc_median: 0.7703
noise=0.0100_acc_mean: 0.7641020000000001
noise=0.0300_acc_mean: 0.7642499999999999
noise=0.0500_acc_mean: 0.7625759999999999
noise=0.1000_acc_mean: 0.7586879999999999

origin-origin: 0.7658985731497474
generated-generated: 0.8730269988608685
origin-generated: 0.8051221716124911
origin-generated(max): 0.8442007575913748

noise_intensity=0.01
noised-noised: 0.7614808918896988
origin-noised: 0.7648115140407458
origin-noised(max): 0.9848315881381499

noise_intensity=0.03
noised-noised: 0.7631185063706866
origin-noised: 0.7652490997011814
origin-noised(max): 0.958169651003153

noise_intensity=0.05
noised-noised: 0.7505144214132943
origin-noised: 0.7588611308785531
origin-noised(max): 0.9319319707897046

noise_intensity=0.1
noised-noised: 0.7304132861185954
origin-noised: 0.7464456241155499
origin-noised(max): 0.8734721935801433

==> start drawing..
plot saved to plot_numberckpt_200.png
