

===============================================
Summary: numberckpt_200

num_checkpoint: 200
num_generated: 201
num_noised: 50x4
original_acc_mean: 0.7670990000000001
original_acc_max: 0.7713
original_acc_min: 0.7614
original_acc_std: 0.002111539485778095
original_acc_median: 0.7675
generated_acc_mean: 0.7735517412935323
generated_acc_max: 0.7766
generated_acc_min: 0.7699
generated_acc_std: 0.0013468258068386144
generated_acc_median: 0.7735
noise=0.0100_acc_mean: 0.767288
noise=0.0300_acc_mean: 0.7669119999999999
noise=0.0500_acc_mean: 0.765352
noise=0.1000_acc_mean: 0.761422

origin-origin: 0.7749295946296525
generated-generated: 0.8821120269778586
origin-generated: 0.8100515684819916
origin-generated(max): 0.8365080233226534

noise_intensity=0.01
noised-noised: 0.7752116417544568
origin-noised: 0.7752132423740812
origin-noised(max): 0.9830129262182736

noise_intensity=0.03
noised-noised: 0.7678933811335384
origin-noised: 0.7718303496395423
origin-noised(max): 0.9525481788959094

noise_intensity=0.05
noised-noised: 0.7566716902282035
origin-noised: 0.7661408523091139
origin-noised(max): 0.9240719955910512

noise_intensity=0.1
noised-noised: 0.7143521514575468
origin-noised: 0.7401650566332298
origin-noised(max): 0.8529512676113419

==> start drawing..
plot saved to plot_numberckpt_200.png
