

===============================================
Summary: cifar10_convnext

num_checkpoint: 290
num_generated: 201
num_noised: 50x4
original_acc_mean: 0.71345
original_acc_max: 0.718
original_acc_min: 0.7076
original_acc_std: 0.002095154508334195
original_acc_median: 0.7134
generated_acc_mean: 0.715481592039801
generated_acc_max: 0.7193
generated_acc_min: 0.711
generated_acc_std: 0.0010785144808067135
generated_acc_median: 0.7155
noise=0.0100_acc_mean: 0.7128359999999999
noise=0.0300_acc_mean: 0.7117659999999999
noise=0.0500_acc_mean: 0.7075359999999999
noise=0.1000_acc_mean: 0.68792

origin-origin: 0.8569297727445481
generated-generated: 0.934440221724104
origin-generated: 0.8841181174520532
origin-generated(max): 0.9185450914884764

noise_intensity=0.01
noised-noised: 0.8494692978832409
origin-noised: 0.8535920790570265
origin-noised(max): 0.9668404501614143

noise_intensity=0.03
noised-noised: 0.8090577381286308
origin-noised: 0.8302960590138908
origin-noised(max): 0.9052677942877903

noise_intensity=0.05
noised-noised: 0.7601135264795057
origin-noised: 0.7984457407055111
origin-noised(max): 0.8509236506958322

noise_intensity=0.1
noised-noised: 0.627049715596914
origin-noised: 0.6921299718947707
origin-noised(max): 0.7246323786016123

==> start drawing..
plot saved to plot_cifar10_convnext.png
