

===============================================
Summary: cifar10_mlp

num_checkpoint: 290
num_generated: 201
num_noised: 50x4
original_acc_mean: 0.4109979310344828
original_acc_max: 0.4188
original_acc_min: 0.4038
original_acc_std: 0.0037222808907612713
original_acc_median: 0.411
generated_acc_mean: 0.41756368159203977
generated_acc_max: 0.4227
generated_acc_min: 0.4132
generated_acc_std: 0.0015478839280886893
generated_acc_median: 0.4176
noise=0.0100_acc_mean: 0.41144600000000003
noise=0.0300_acc_mean: 0.410082
noise=0.0500_acc_mean: 0.4082299999999999
noise=0.1000_acc_mean: 0.3996279999999999

origin-origin: 0.8363462095619221
generated-generated: 0.9353730721284065
origin-generated: 0.8683948226162097
origin-generated(max): 0.8925113349158003

noise_intensity=0.01
noised-noised: 0.8342704540992321
origin-noised: 0.8357923492916532
origin-noised(max): 0.9834770433215874

noise_intensity=0.03
noised-noised: 0.8254362235652613
origin-noised: 0.8311514406098366
origin-noised(max): 0.9542191145467888

noise_intensity=0.05
noised-noised: 0.8101702155052469
origin-noised: 0.8227539394876324
origin-noised(max): 0.9270799530547618

noise_intensity=0.1
noised-noised: 0.7645306094295685
origin-noised: 0.7929307641143903
origin-noised(max): 0.8621861437035386

==> start drawing..
plot saved to plot_cifar10_mlp.png
