

===============================================
Summary: layers_bn1415

num_checkpoint: 301
num_generated: 201
num_noised: 50x4
original_acc_mean: 0.756850830564784
original_acc_max: 0.7763
original_acc_min: 0.7437
original_acc_std: 0.004336016318712628
original_acc_median: 0.7572
generated_acc_mean: 0.7682427860696519
generated_acc_max: 0.7726
generated_acc_min: 0.7634
generated_acc_std: 0.0015256220325082519
generated_acc_median: 0.7684
noise=0.0100_acc_mean: 0.7571760000000001
noise=0.0300_acc_mean: 0.7565679999999999
noise=0.0500_acc_mean: 0.75488
noise=0.1000_acc_mean: 0.750196

origin-origin: 0.7228267687921367
generated-generated: 0.867183960686856
origin-generated: 0.7655413431125376
origin-generated(max): 0.8169139424875067

noise_intensity=0.01
noised-noised: 0.7189051849783428
origin-noised: 0.7219002010671453
origin-noised(max): 0.9837238236390964

noise_intensity=0.03
noised-noised: 0.7176348719044102
origin-noised: 0.7211228440154424
origin-noised(max): 0.9548568009905822

noise_intensity=0.05
noised-noised: 0.7115682658185543
origin-noised: 0.7167182039278586
origin-noised(max): 0.9254060612925791

noise_intensity=0.1
noised-noised: 0.6834055331143116
origin-noised: 0.6998636434499191
origin-noised(max): 0.862377129391534

==> start drawing..
plot saved to plot_layers_bn1415.png
