

===============================================
Summary: food101_convnextbase

num_checkpoint: 296
num_generated: 201
num_noised: 50x4
original_acc_mean: 0.9261818303451966
original_acc_max: 0.9286336633663367
original_acc_min: 0.9238415841584159
original_acc_std: 0.0009508254074294015
original_acc_median: 0.9261782178217822
generated_acc_mean: 0.9282732870301956
generated_acc_max: 0.9293465346534654
generated_acc_min: 0.9271683168316832
generated_acc_std: 0.0004497018330756467
generated_acc_median: 0.9282772277227723
noise=0.0100_acc_mean: 0.9259976237623762
noise=0.0300_acc_mean: 0.9263065346534652
noise=0.0500_acc_mean: 0.9260839603960398
noise=0.1000_acc_mean: 0.9259049504950496

origin-origin: 0.752813146758562
generated-generated: 0.8989898416266048
origin-generated: 0.7914318753734558
origin-generated(max): 0.8303360501166346

noise_intensity=0.01
noised-noised: 0.7565944088066379
origin-noised: 0.7555164736007668
origin-noised(max): 0.9929501868807356

noise_intensity=0.03
noised-noised: 0.7530504545176743
origin-noised: 0.7533424556927866
origin-noised(max): 0.9841208863216783

noise_intensity=0.05
noised-noised: 0.7523244045563511
origin-noised: 0.7531525086007237
origin-noised(max): 0.9733022551178283

noise_intensity=0.1
noised-noised: 0.7420096787424802
origin-noised: 0.7482083035923691
origin-noised(max): 0.9502558924056903

==> start drawing..
plot saved to plot_food101_convnextbase.png
