

===============================================
Summary: food101_resnet18

num_checkpoint: 271
num_generated: 201
num_noised: 50x4
original_acc_mean: 0.7800305432757297
original_acc_max: 0.7893069306930693
original_acc_min: 0.7685148514851485
original_acc_std: 0.004076056047595262
original_acc_median: 0.7803564356435644
generated_acc_mean: 0.7888123737746908
generated_acc_max: 0.7941782178217822
generated_acc_min: 0.7782574257425743
generated_acc_std: 0.002697395116555993
generated_acc_median: 0.7891089108910891
noise=0.0100_acc_mean: 0.7799081188118813
noise=0.0300_acc_mean: 0.7789172277227722
noise=0.0500_acc_mean: 0.7789275247524755
noise=0.1000_acc_mean: 0.7739097029702972

origin-origin: 0.7188374269925122
generated-generated: 0.7983870087379218
origin-generated: 0.7484552045773646
origin-generated(max): 0.786359663874532

noise_intensity=0.01
noised-noised: 0.7139464893890503
origin-noised: 0.7175310987600296
origin-noised(max): 0.9847522537987196

noise_intensity=0.03
noised-noised: 0.7211241897753276
origin-noised: 0.7208793037627694
origin-noised(max): 0.9581049952157347

noise_intensity=0.05
noised-noised: 0.7047389864384427
origin-noised: 0.7130554241653233
origin-noised(max): 0.9279861399355144

noise_intensity=0.1
noised-noised: 0.6795307646823959
origin-noised: 0.6976983483655174
origin-noised(max): 0.8649330310046149

==> start drawing..
plot saved to plot_food101_resnet18.png
