

===============================================
Summary: cifar10_vitbase

num_checkpoint: 391
num_generated: 201
num_noised: 50x4
original_acc_mean: 0.9871107416879794
original_acc_max: 0.9882
original_acc_min: 0.986
original_acc_std: 0.0003526838455497023
original_acc_median: 0.9871
generated_acc_mean: 0.9875044776119404
generated_acc_max: 0.988
generated_acc_min: 0.9871
generated_acc_std: 0.00017228303320011043
generated_acc_median: 0.9875
noise=0.0100_acc_mean: 0.9871079999999999
noise=0.0300_acc_mean: 0.987134
noise=0.0500_acc_mean: 0.987076
noise=0.1000_acc_mean: 0.987132

origin-origin: 0.8341369460970203
generated-generated: 0.9382651495460661
origin-generated: 0.8677252591493594
origin-generated(max): 0.9624833873329384

noise_intensity=0.01
noised-noised: 0.8325280222101346
origin-noised: 0.8335679007697271
origin-noised(max): 0.9963012267041286

noise_intensity=0.03
noised-noised: 0.8342933456801847
origin-noised: 0.8341845392023213
origin-noised(max): 0.9938427889075

noise_intensity=0.05
noised-noised: 0.8344725030624613
origin-noised: 0.8346035317545585
origin-noised(max): 0.9935705665771722

noise_intensity=0.1
noised-noised: 0.8350877118731407
origin-noised: 0.8347148928739258
origin-noised(max): 0.9883205001305571

==> start drawing..
plot saved to plot_cifar10_vitbase.png
