

===============================================
Summary: cifar10_resnet18

num_checkpoint: 391
num_generated: 201
num_noised: 50x4
original_acc_mean: 0.9396168797953964
original_acc_max: 0.9463
original_acc_min: 0.9291
original_acc_std: 0.003382317715527823
original_acc_median: 0.9401
generated_acc_mean: 0.9425373134328358
generated_acc_max: 0.946
generated_acc_min: 0.937
generated_acc_std: 0.0017636886792972435
generated_acc_median: 0.9427
noise=0.0100_acc_mean: 0.939108
noise=0.0300_acc_mean: 0.9391919999999999
noise=0.0500_acc_mean: 0.9382940000000001
noise=0.1000_acc_mean: 0.9382260000000001

origin-origin: 0.6233575947151191
generated-generated: 0.7394971399740532
origin-generated: 0.6672442441494595
origin-generated(max): 0.7963070054178537

noise_intensity=0.01
noised-noised: 0.6125224575812064
origin-noised: 0.6194642586067611
origin-noised(max): 0.980310172572438

noise_intensity=0.03
noised-noised: 0.6303803937458348
origin-noised: 0.6275596110224332
origin-noised(max): 0.9469181163267847

noise_intensity=0.05
noised-noised: 0.6061038679765657
origin-noised: 0.6140192360224205
origin-noised(max): 0.9120609215164359

noise_intensity=0.1
noised-noised: 0.5815872441917269
origin-noised: 0.602296504745368
origin-noised(max): 0.8387900246609928

==> start drawing..
plot saved to plot_cifar10_resnet18.png
