

===============================================
Summary: cifar100_vitbase

num_checkpoint: 370
num_generated: 201
num_noised: 50x4
original_acc_mean: 0.9118081081081082
original_acc_max: 0.9144
original_acc_min: 0.909
original_acc_std: 0.001064203389008652
original_acc_median: 0.9118
generated_acc_mean: 0.9126940298507463
generated_acc_max: 0.9144
generated_acc_min: 0.9113
generated_acc_std: 0.000600219014011196
generated_acc_median: 0.9127
noise=0.0100_acc_mean: 0.9120499999999998
noise=0.0300_acc_mean: 0.9115599999999999
noise=0.0500_acc_mean: 0.91195
noise=0.1000_acc_mean: 0.911956

origin-origin: 0.8585405457232864
generated-generated: 0.9379605174235339
origin-generated: 0.885543624184861
origin-generated(max): 0.9135384314618065

noise_intensity=0.01
noised-noised: 0.8589325498059239
origin-noised: 0.8584888226756033
origin-noised(max): 0.9953092887379553

noise_intensity=0.03
noised-noised: 0.8594567591171017
origin-noised: 0.8595867020350341
origin-noised(max): 0.9918800024929731

noise_intensity=0.05
noised-noised: 0.8573035708142873
origin-noised: 0.8587658317338311
origin-noised(max): 0.9906548547117714

noise_intensity=0.1
noised-noised: 0.8557442882630872
origin-noised: 0.8575652634701082
origin-noised(max): 0.9829861577527216

==> start drawing..
plot saved to plot_cifar100_vitbase.png
