

===============================================
Summary: cifar100_resnet50

num_checkpoint: 391
num_generated: 201
num_noised: 50x4
original_acc_mean: 0.7775797953964194
original_acc_max: 0.7877
original_acc_min: 0.7707
original_acc_std: 0.0030955749225886745
original_acc_median: 0.7772
generated_acc_mean: 0.785071144278607
generated_acc_max: 0.7882
generated_acc_min: 0.7799
generated_acc_std: 0.0011666865033478954
generated_acc_median: 0.7851
noise=0.0050_acc_mean: 0.7781779999999999
noise=0.0100_acc_mean: 0.777222
noise=0.0200_acc_mean: 0.7780019999999999
noise=0.0300_acc_mean: 0.776844

origin-origin: 0.768410928887527
generated-generated: 0.9077298111457909
origin-generated: 0.8140518509393859
origin-generated(max): 0.8563353868870938

noise_intensity=0.005
noised-noised: 0.7715317778555418
origin-noised: 0.7710971339134615
origin-noised(max): 0.9952855721642102

noise_intensity=0.01
noised-noised: 0.7752908835997393
origin-noised: 0.7721035466305618
origin-noised(max): 0.9914190813011099

noise_intensity=0.02
noised-noised: 0.7707171256247078
origin-noised: 0.7701240848777186
origin-noised(max): 0.9857582885148923

noise_intensity=0.03
noised-noised: 0.7641265752367146
origin-noised: 0.7673148005919774
origin-noised(max): 0.9776435320723083

==> start drawing..
plot saved to plot_cifar100_resnet50.png
