

===============================================
Summary: in1k_convnexttiny

num_checkpoint: 201
num_generated: 200
num_noised: 50x4
original_acc_mean: 0.8321387064676617
original_acc_max: 0.835
original_acc_min: 0.82974
original_acc_std: 0.0008594712700768514
original_acc_median: 0.83218
generated_acc_mean: 0.8346124
generated_acc_max: 0.83606
generated_acc_min: 0.83246
generated_acc_std: 0.0007308996100696757
generated_acc_median: 0.83464
noise=0.0100_acc_mean: 0.8322312
noise=0.0300_acc_mean: 0.8320856000000001
noise=0.0500_acc_mean: 0.8317792
noise=0.1000_acc_mean: 0.8315156

origin-origin: 0.7802847035457876
generated-generated: 0.8733368213338816
origin-generated: 0.8085412390637315
origin-generated(max): 0.8276760689523834

noise_intensity=0.01
noised-noised: 0.7799903945361241
origin-noised: 0.7810798709733879
origin-noised(max): 0.9917275570519744

noise_intensity=0.03
noised-noised: 0.7806136576797614
origin-noised: 0.781503574278336
origin-noised(max): 0.9815941343551665

noise_intensity=0.05
noised-noised: 0.7766830212084169
origin-noised: 0.7793817033526464
origin-noised(max): 0.970420174808758

noise_intensity=0.1
noised-noised: 0.7696037482369762
origin-noised: 0.7758041406968483
origin-noised(max): 0.9433952357731604

==> start drawing..
plot saved to plot_in1k_convnexttiny.png
