

===============================================
Summary: pets_convnexttiny

num_checkpoint: 29
num_generated: 201
num_noised: 50x4
original_acc_mean: 0.9320495108128681
original_acc_max: 0.9367675115835378
original_acc_min: 0.92886345053148
original_acc_std: 0.0017446138812609708
original_acc_median: 0.931588988825293
generated_acc_mean: 0.9349003144538958
generated_acc_max: 0.9375851730716817
generated_acc_min: 0.932406650313437
generated_acc_std: 0.0009619001650985545
generated_acc_median: 0.9348596347778686
noise=0.0100_acc_mean: 0.9320741346415917
noise=0.0300_acc_mean: 0.9321613518669936
noise=0.0500_acc_mean: 0.9318070318887979
noise=0.1000_acc_mean: 0.9316271463614062

origin-origin: 0.7759428871214932
generated-generated: 0.9268584182163101
origin-generated: 0.8163970834966695
origin-generated(max): 0.8755468653623861

noise_intensity=0.01
noised-noised: 0.7784678932700523
origin-noised: 0.7829891535933777
origin-noised(max): 0.9938912719597507

noise_intensity=0.03
noised-noised: 0.7782459543640593
origin-noised: 0.7825277789347357
origin-noised(max): 0.985648318271882

noise_intensity=0.05
noised-noised: 0.7802626073089585
origin-noised: 0.78327132322441
origin-noised(max): 0.9767582603749295

noise_intensity=0.1
noised-noised: 0.7674363373675223
origin-noised: 0.7758743935296643
origin-noised(max): 0.9533604161492348

==> start drawing..
plot saved to plot_pets_convnexttiny.png
