

===============================================
Summary: noise_0001a00

num_checkpoint: 300
num_generated: 201
num_noised: 50x4
original_acc_mean: 0.7687243333333333
original_acc_max: 0.7743
original_acc_min: 0.7633
original_acc_std: 0.002407593796488291
original_acc_median: 0.7687
generated_acc_mean: 0.7669681592039802
generated_acc_max: 0.7724
generated_acc_min: 0.7557
generated_acc_std: 0.002691738067754802
generated_acc_median: 0.7672
noise=0.0100_acc_mean: 0.7689260000000001
noise=0.0300_acc_mean: 0.768542
noise=0.0500_acc_mean: 0.7679600000000001
noise=0.1000_acc_mean: 0.7627760000000001

origin-origin: 0.789736017339428
generated-generated: 0.765878398118056
origin-generated: 0.774348517106645
origin-generated(max): 0.807205047435663

noise_intensity=0.01
noised-noised: 0.7894576778117435
origin-noised: 0.7909715971483599
origin-noised(max): 0.9841762280815574

noise_intensity=0.03
noised-noised: 0.7806190458972705
origin-noised: 0.7858172256335515
origin-noised(max): 0.953587452406009

noise_intensity=0.05
noised-noised: 0.7709859375958397
origin-noised: 0.7801007833001924
origin-noised(max): 0.9246710719012858

noise_intensity=0.1
noised-noised: 0.7238978779859667
origin-noised: 0.7516246450689018
origin-noised(max): 0.8559546115927853

==> start drawing..
plot saved to plot_noise_0001a00.png
