

===============================================
Summary: cifar100_vittiny

num_checkpoint: 391
num_generated: 200
num_noised: 50x3
original_acc_mean: 0.8638544757033249
original_acc_max: 0.8664
original_acc_min: 0.861
original_acc_std: 0.0009550105682509738
original_acc_median: 0.8639
generated_acc_mean: 0.8648285000000001
generated_acc_max: 0.8667
generated_acc_min: 0.8622
generated_acc_std: 0.0007589056265439079
generated_acc_median: 0.8648
noise=0.0100_acc_mean: 0.86395
noise=0.0300_acc_mean: 0.8639439999999999
noise=0.1000_acc_mean: 0.8637200000000002

origin-origin: 0.862475593137875
generated-generated: 0.9153254017921193
origin-generated: 0.8720206099974012
origin-generated(max): 0.9021464874359347

noise_intensity=0.01
noised-noised: 0.8629760944165754
origin-noised: 0.8626714037728401
origin-noised(max): 0.9955120382254262

noise_intensity=0.03
noised-noised: 0.8631348265002079
origin-noised: 0.8635266878243656
origin-noised(max): 0.9904824404546474

noise_intensity=0.1
noised-noised: 0.8559936879357991
origin-noised: 0.8597550378889001
origin-noised(max): 0.9751251574492611

==> start drawing..
plot saved to plot_cifar100_vittiny.png
