

===============================================
Summary: cifar100_convnextbase

num_checkpoint: 391
num_generated: 200
num_noised: 50x3
original_acc_mean: 0.9295475703324808
original_acc_max: 0.9328
original_acc_min: 0.9267
original_acc_std: 0.0009991750968720923
original_acc_median: 0.9297
generated_acc_mean: 0.931205
generated_acc_max: 0.933
generated_acc_min: 0.9287
generated_acc_std: 0.0007176175861836164
generated_acc_median: 0.9313
noise=0.0300_acc_mean: 0.9294800000000001
noise=0.0500_acc_mean: 0.929384
noise=0.1000_acc_mean: 0.92936

origin-origin: 0.7507492087595119
generated-generated: 0.9041620308723936
origin-generated: 0.7920059101084906
origin-generated(max): 0.8496967157747699

noise_intensity=0.03
noised-noised: 0.750040544793081
origin-noised: 0.750658483228809
origin-noised(max): 0.9883237685752653

noise_intensity=0.05
noised-noised: 0.7517390541831107
origin-noised: 0.751970037655073
origin-noised(max): 0.9802362503374311

noise_intensity=0.1
noised-noised: 0.7428241250964958
origin-noised: 0.7479845305680243
origin-noised(max): 0.9602589638718991

==> start drawing..
plot saved to plot_cifar100_convnextbase.png
