

===============================================
Summary: numberckpt_200

num_checkpoint: 200
num_generated: 501
num_noised: 50x4
original_acc_mean: 0.7670990000000001
original_acc_max: 0.7713
original_acc_min: 0.7614
original_acc_std: 0.002111539485778095
original_acc_median: 0.7675
generated_acc_mean: 0.3944522954091817
generated_acc_max: 0.7644
generated_acc_min: 0.006
generated_acc_std: 0.31641875009060816
generated_acc_median: 0.5291
noise=0.0100_acc_mean: 0.7671600000000001
noise=0.0300_acc_mean: 0.7667460000000001
noise=0.0500_acc_mean: 0.765806
noise=0.1000_acc_mean: 0.7615219999999998

origin-origin: 0.7749295946296525
generated-generated: 0.5217364650466184
origin-generated: 0.410635534542012
origin-generated(max): 0.4240338270412125

noise_intensity=0.01
noised-noised: 0.7749987965529699
origin-noised: 0.7751325751580559
origin-noised(max): 0.9824874839290232

noise_intensity=0.03
noised-noised: 0.7679357741747624
origin-noised: 0.7717518988850562
origin-noised(max): 0.951698664479503

noise_intensity=0.05
noised-noised: 0.7551331411648818
origin-noised: 0.7651455648230774
origin-noised(max): 0.9212155753139954

noise_intensity=0.1
noised-noised: 0.7128888274587591
origin-noised: 0.7392725109363433
origin-noised(max): 0.8527084646622476

==> start drawing..
plot saved to plot_numberckpt_200.png
