

===============================================
Summary: pets_vittiny

num_checkpoint: 58
num_generated: 201
num_noised: 50x4
original_acc_mean: 0.8972284095074293
original_acc_max: 0.8997001907876806
original_acc_min: 0.8942491142000545
original_acc_std: 0.0012651597610134843
original_acc_median: 0.8975197601526301
generated_acc_mean: 0.8987740501634643
generated_acc_max: 0.9010629599345871
generated_acc_min: 0.896429544835105
generated_acc_std: 0.0008533062379631047
generated_acc_median: 0.8988825292995366
noise=0.0100_acc_mean: 0.8971926955573725
noise=0.0300_acc_mean: 0.8971926955573725
noise=0.0500_acc_mean: 0.8972090487871354
noise=0.1000_acc_mean: 0.8972144998637229

origin-origin: 0.8313615712816106
generated-generated: 0.912827655568693
origin-generated: 0.8566933395527645
origin-generated(max): 0.9180174293551596

noise_intensity=0.01
noised-noised: 0.8322575435202735
origin-noised: 0.834704155430621
origin-noised(max): 0.9950367883293383

noise_intensity=0.03
noised-noised: 0.8325617235804722
origin-noised: 0.83467089905236
origin-noised(max): 0.9897345117242827

noise_intensity=0.05
noised-noised: 0.8302619970076512
origin-noised: 0.8335673690100238
origin-noised(max): 0.9847919570017951

noise_intensity=0.1
noised-noised: 0.8245754515925992
origin-noised: 0.8302482110871362
origin-noised(max): 0.9699953387148298

==> start drawing..
plot saved to plot_pets_vittiny.png
