

===============================================
Summary: cifar10_resnet

num_checkpoint: 391
num_generated: 201
num_noised: 50x4
original_acc_mean: 0.5740984654731458
original_acc_max: 0.5804
original_acc_min: 0.5651
original_acc_std: 0.002728751473064023
original_acc_median: 0.5744
generated_acc_mean: 0.5763925373134329
generated_acc_max: 0.5813
generated_acc_min: 0.5702
generated_acc_std: 0.001958345842200101
generated_acc_median: 0.5764
noise=0.0100_acc_mean: 0.574034
noise=0.0300_acc_mean: 0.570244
noise=0.0500_acc_mean: 0.565366
noise=0.1000_acc_mean: 0.541834

origin-origin: 0.8606993706161076
generated-generated: 0.8977744480912027
origin-generated: 0.8759415055167318
origin-generated(max): 0.9102810600814114

noise_intensity=0.01
noised-noised: 0.8527688507934027
origin-noised: 0.8570252854276706
origin-noised(max): 0.9648920369812508

noise_intensity=0.03
noised-noised: 0.8187992932830156
origin-noised: 0.8371909771469417
origin-noised(max): 0.9086759028070422

noise_intensity=0.05
noised-noised: 0.7679125900603254
origin-noised: 0.804099298154921
origin-noised(max): 0.8544445476922203

noise_intensity=0.1
noised-noised: 0.660398084708808
origin-noised: 0.7166864798365801
origin-noised(max): 0.7512910628096818

==> start drawing..
plot saved to plot_cifar10_resnet.png
