

===============================================
Summary: in1k_vittiny

num_checkpoint: 300
num_generated: 201
num_noised: 5x4
original_acc_mean: 0.7502962666666667
original_acc_max: 0.75266
original_acc_min: 0.74862
original_acc_std: 0.0006886968822025814
original_acc_median: 0.75031
generated_acc_mean: 0.750862985074627
generated_acc_max: 0.75198
generated_acc_min: 0.74968
generated_acc_std: 0.0004947958469161733
generated_acc_median: 0.75084
noise=0.0100_acc_mean: 0.750592
noise=0.0300_acc_mean: 0.750024
noise=0.0500_acc_mean: 0.750676
noise=0.1000_acc_mean: 0.75022

origin-origin: 0.8869376969366035
generated-generated: 0.9232429145691025
origin-generated: 0.8955207825886491
origin-generated(max): 0.9199186708605872

noise_intensity=0.01
noised-noised: 0.8777950796436432
origin-noised: 0.8861213600982243
origin-noised(max): 0.9933691044420616

noise_intensity=0.03
noised-noised: 0.8757545807994882
origin-noised: 0.885931578977221
origin-noised(max): 0.9879111267303816

noise_intensity=0.05
noised-noised: 0.8821124194043157
origin-noised: 0.8881619072328634
origin-noised(max): 0.9824634578140982

noise_intensity=0.1
noised-noised: 0.8732133355571768
origin-noised: 0.883970176921092
origin-noised(max): 0.9709724463102424

==> start drawing..
plot saved to plot_in1k_vittiny.png
