

===============================================
Summary: flowers_vitbase

num_checkpoint: 200
num_generated: 201
num_noised: 50x4
original_acc_mean: 0.9793478614408846
original_acc_max: 0.9809725158562368
original_acc_min: 0.9777199544641405
original_acc_std: 0.0008010138219272467
original_acc_median: 0.9794275491949911
generated_acc_mean: 0.980253230513557
generated_acc_max: 0.9814604000650512
generated_acc_min: 0.9788583509513742
generated_acc_std: 0.00044442219640988004
generated_acc_median: 0.9803220035778175
noise=0.0100_acc_mean: 0.9792974467393073
noise=0.0300_acc_mean: 0.9792551634412101
noise=0.0500_acc_mean: 0.979359245405757
noise=0.1000_acc_mean: 0.9793820133355017

origin-origin: 0.7080814727947815
generated-generated: 0.8765996496779667
origin-generated: 0.7608672531101134
origin-generated(max): 0.8592735942273856

noise_intensity=0.01
noised-noised: 0.7122601697880334
origin-noised: 0.711585600299689
origin-noised(max): 0.9917097003986497

noise_intensity=0.03
noised-noised: 0.7028462777845685
origin-noised: 0.7067159398155349
origin-noised(max): 0.9886611619956217

noise_intensity=0.05
noised-noised: 0.7002283962352897
origin-noised: 0.7059887048129458
origin-noised(max): 0.9804744417069469

noise_intensity=0.1
noised-noised: 0.716297173139082
origin-noised: 0.7114593909080126
origin-noised(max): 0.9700628177392671

==> start drawing..
plot saved to plot_flowers_vitbase.png
