

===============================================
Summary: cifar10_vittiny

num_checkpoint: 391
num_generated: 201
num_noised: 50x4
original_acc_mean: 0.9773291560102302
original_acc_max: 0.979
original_acc_min: 0.9751
original_acc_std: 0.0007253672171402091
original_acc_median: 0.9774
generated_acc_mean: 0.9776393034825871
generated_acc_max: 0.979
generated_acc_min: 0.9764
generated_acc_std: 0.000394233953872421
generated_acc_median: 0.9776
noise=0.0100_acc_mean: 0.977244
noise=0.0300_acc_mean: 0.977478
noise=0.0500_acc_mean: 0.9772719999999999
noise=0.1000_acc_mean: 0.9774299999999998

origin-origin: 0.7013500591409793
generated-generated: 0.8867008939925098
origin-generated: 0.7512565405701017
origin-generated(max): 0.8672757884774258

noise_intensity=0.01
noised-noised: 0.6973937066802881
origin-noised: 0.698803186117649
origin-noised(max): 0.993422418392379

noise_intensity=0.03
noised-noised: 0.7032932289923967
origin-noised: 0.7036416510967392
origin-noised(max): 0.9898601925764209

noise_intensity=0.05
noised-noised: 0.7094566421492887
origin-noised: 0.7054433004769385
origin-noised(max): 0.9832680651941729

noise_intensity=0.1
noised-noised: 0.702575371296213
origin-noised: 0.7028390171455764
origin-noised(max): 0.9670462900004639

==> start drawing..
plot saved to plot_cifar10_vittiny.png
