

===============================================
Summary: stl10_resnet50

num_checkpoint: 300
num_generated: 201
num_noised: 5x4
original_acc_mean: 0.9650912500000001
original_acc_max: 0.96925
original_acc_min: 0.9605
original_acc_std: 0.0021610318956847177
original_acc_median: 0.96475
generated_acc_mean: 0.9681480099502489
generated_acc_max: 0.96925
generated_acc_min: 0.966
generated_acc_std: 0.0005667637639088252
generated_acc_median: 0.96825
noise=0.0100_acc_mean: 0.9654
noise=0.0300_acc_mean: 0.9639749999999999
noise=0.0500_acc_mean: 0.966325
noise=0.1000_acc_mean: 0.9654999999999999

origin-origin: 0.6622239012104947
generated-generated: 0.9456147231764751
origin-generated: 0.7371950488177419
origin-generated(max): 0.9014617142620602

noise_intensity=0.01
noised-noised: 0.6457870738237415
origin-noised: 0.6519382232425237
origin-noised(max): 0.9929980989435565

noise_intensity=0.03
noised-noised: 0.6368151766014826
origin-noised: 0.6449700933824374
origin-noised(max): 0.9743831378175241

noise_intensity=0.05
noised-noised: 0.6775078931595697
origin-noised: 0.6748154437322408
origin-noised(max): 0.960045197835035

noise_intensity=0.1
noised-noised: 0.6772155965189051
origin-noised: 0.6605656872555316
origin-noised(max): 0.9125132093965437

==> start drawing..
plot saved to plot_stl10_resnet50.png
