

===============================================
Summary: in1k_resnet50

num_checkpoint: 300
num_generated: 201
num_noised: 5x4
original_acc_mean: 0.778042
original_acc_max: 0.78016
original_acc_min: 0.77588
original_acc_std: 0.0012327968202424933
original_acc_median: 0.7780199999999999
generated_acc_mean: 0.7795979104477613
generated_acc_max: 0.78096
generated_acc_min: 0.77832
generated_acc_std: 0.0005052260337851047
generated_acc_median: 0.77958
noise=0.0100_acc_mean: 0.777712
noise=0.0300_acc_mean: 0.7773
noise=0.0500_acc_mean: 0.7760440000000001
noise=0.1000_acc_mean: 0.7727440000000001

origin-origin: 0.9021199591804325
generated-generated: 0.9631532938794288
origin-generated: 0.9196505615468873
origin-generated(max): 0.9339841637414896

noise_intensity=0.01
noised-noised: 0.8911799915719627
origin-noised: 0.8968138249730534
origin-noised(max): 0.9859321945276991

noise_intensity=0.03
noised-noised: 0.8818837697734196
origin-noised: 0.8925900505927866
origin-noised(max): 0.9601718696415784

noise_intensity=0.05
noised-noised: 0.8733571156777957
origin-noised: 0.88314606746933
origin-noised(max): 0.9338668613526522

noise_intensity=0.1
noised-noised: 0.8084002595440032
origin-noised: 0.8428358606704572
origin-noised(max): 0.8741745137595339

==> start drawing..
plot saved to plot_in1k_resnet50.png
