

===============================================
Summary: numberckpt_050

num_checkpoint: 50
num_generated: 201
num_noised: 50x4
original_acc_mean: 0.7692060000000001
original_acc_max: 0.7713
original_acc_min: 0.7676
original_acc_std: 0.0010462141272225278
original_acc_median: 0.769
generated_acc_mean: 0.7736283582089553
generated_acc_max: 0.7763
generated_acc_min: 0.7704
generated_acc_std: 0.0012929359513038196
generated_acc_median: 0.7737
noise=0.0100_acc_mean: 0.76906
noise=0.0300_acc_mean: 0.7687959999999999
noise=0.0500_acc_mean: 0.76776
noise=0.1000_acc_mean: 0.7625540000000001

origin-origin: 0.8288316189899936
generated-generated: 0.8844728345590949
origin-generated: 0.8426531338354297
origin-generated(max): 0.8668642092182076

noise_intensity=0.01
noised-noised: 0.8261323930852039
origin-noised: 0.8305602419071679
origin-noised(max): 0.9826231801210378

noise_intensity=0.03
noised-noised: 0.8123452284769679
origin-noised: 0.8222298449642874
origin-noised(max): 0.9477221217669753

noise_intensity=0.05
noised-noised: 0.7955996994558986
origin-noised: 0.8119514204668118
origin-noised(max): 0.9204065656923845

noise_intensity=0.1
noised-noised: 0.7368082078591619
origin-noised: 0.772252523865554
origin-noised(max): 0.8441242780290895

==> start drawing..
plot saved to plot_numberckpt_050.png
