

===============================================
Summary: numberckpt_050

num_checkpoint: 200
num_generated: 201
num_noised: 50x4
original_acc_mean: 0.763803
original_acc_max: 0.775
original_acc_min: 0.756
original_acc_std: 0.0031296311284239216
original_acc_median: 0.7637
generated_acc_mean: 0.7706432835820896
generated_acc_max: 0.7748
generated_acc_min: 0.7665
generated_acc_std: 0.001592728240453908
generated_acc_median: 0.7705
noise=0.0100_acc_mean: 0.763398
noise=0.0300_acc_mean: 0.7642140000000001
noise=0.0500_acc_mean: 0.7626999999999999
noise=0.1000_acc_mean: 0.7596879999999999

origin-origin: 0.7652888186109323
generated-generated: 0.872492460509737
origin-generated: 0.8046456234042123
origin-generated(max): 0.8453065002089922

noise_intensity=0.01
noised-noised: 0.76480168427933
origin-noised: 0.7663561364836958
origin-noised(max): 0.9853828443385153

noise_intensity=0.03
noised-noised: 0.7586432987901942
origin-noised: 0.7631030645979731
origin-noised(max): 0.95794108626904

noise_intensity=0.05
noised-noised: 0.756603728402566
origin-noised: 0.7621004283658007
origin-noised(max): 0.9342012664225743

noise_intensity=0.1
noised-noised: 0.7161739448885963
origin-noised: 0.7390771261025416
origin-noised(max): 0.8675515906414947

==> start drawing..
plot saved to plot_numberckpt_050.png
