

===============================================
Summary: numberckpt_050

num_checkpoint: 50
num_generated: 201
num_noised: 50x4
original_acc_mean: 0.7681739999999999
original_acc_max: 0.7743
original_acc_min: 0.7639
original_acc_std: 0.0023169643933388354
original_acc_median: 0.76815
generated_acc_mean: 0.772255721393035
generated_acc_max: 0.7758
generated_acc_min: 0.7688
generated_acc_std: 0.0013043667959199794
generated_acc_median: 0.7724
noise=0.0100_acc_mean: 0.768078
noise=0.0300_acc_mean: 0.767664
noise=0.0500_acc_mean: 0.7672979999999999
noise=0.1000_acc_mean: 0.7625500000000001

origin-origin: 0.820777597682373
generated-generated: 0.8858867067524366
origin-generated: 0.8412536242321406
origin-generated(max): 0.8696017534233174

noise_intensity=0.01
noised-noised: 0.8180437150232104
origin-noised: 0.8226605338860041
origin-noised(max): 0.9821029514992761

noise_intensity=0.03
noised-noised: 0.8074809717788693
origin-noised: 0.8163767882153845
origin-noised(max): 0.9481415697580579

noise_intensity=0.05
noised-noised: 0.7906167794315169
origin-noised: 0.806076829298479
origin-noised(max): 0.9171795392591959

noise_intensity=0.1
noised-noised: 0.7325287888796687
origin-noised: 0.7677971598720239
origin-noised(max): 0.8416315663072302

==> start drawing..
plot saved to plot_numberckpt_050.png
