

===============================================
Summary: flowers_resnet50

num_checkpoint: 200
num_generated: 201
num_noised: 50x4
original_acc_mean: 0.8476109936575053
original_acc_max: 0.8557489022605301
original_acc_min: 0.8389982110912343
original_acc_std: 0.004647318402989682
original_acc_median: 0.8487558952675232
generated_acc_mean: 0.8557901660990866
generated_acc_max: 0.8609530004878843
generated_acc_min: 0.8494064075459424
generated_acc_std: 0.0023422571330261573
generated_acc_median: 0.8557489022605301
noise=0.0100_acc_mean: 0.8473215156936087
noise=0.0300_acc_mean: 0.8470970889575541
noise=0.0500_acc_mean: 0.8477931370954628
noise=0.1000_acc_mean: 0.8470385428524964

origin-origin: 0.7435241816888924
generated-generated: 0.8695604375819334
origin-generated: 0.7807273245698243
origin-generated(max): 0.8406532469101546

noise_intensity=0.01
noised-noised: 0.7433385734329441
origin-noised: 0.7454297534663435
origin-noised(max): 0.9927200564469061

noise_intensity=0.03
noised-noised: 0.7411638655844374
origin-noised: 0.7434903586181613
origin-noised(max): 0.9795765271324126

noise_intensity=0.05
noised-noised: 0.7436093217021722
origin-noised: 0.7444835246666206
origin-noised(max): 0.9651172057824502

noise_intensity=0.1
noised-noised: 0.7254057280921818
origin-noised: 0.7355865243043085
origin-noised(max): 0.9315672414865104

==> start drawing..
plot saved to plot_flowers_resnet50.png
