

===============================================
Summary: cifar10_convnet

num_checkpoint: 290
num_generated: 201
num_noised: 50x4
original_acc_mean: 0.5610831034482758
original_acc_max: 0.5687
original_acc_min: 0.5485
original_acc_std: 0.003912450156957628
original_acc_median: 0.5617
generated_acc_mean: 0.5608059701492537
generated_acc_max: 0.5708
generated_acc_min: 0.5501
generated_acc_std: 0.0033880774540924834
generated_acc_median: 0.5612
noise=0.0100_acc_mean: 0.5605819999999999
noise=0.0300_acc_mean: 0.5563939999999999
noise=0.0500_acc_mean: 0.5491560000000001
noise=0.1000_acc_mean: 0.509034

origin-origin: 0.8570958688208559
generated-generated: 0.8812580507135589
origin-generated: 0.8659159889915177
origin-generated(max): 0.9105933783365306

noise_intensity=0.01
noised-noised: 0.8512065620181201
origin-noised: 0.8544941987302824
origin-noised(max): 0.9586141485068453

noise_intensity=0.03
noised-noised: 0.7956743401252729
origin-noised: 0.8220173650145307
origin-noised(max): 0.8872220104561697

noise_intensity=0.05
noised-noised: 0.7350887590851312
origin-noised: 0.7802986104027677
origin-noised(max): 0.8324090450414774

noise_intensity=0.1
noised-noised: 0.6145643163998025
origin-noised: 0.6693885950523116
origin-noised(max): 0.708863700146624

==> start drawing..
plot saved to plot_cifar10_convnet.png
