

===============================================
Summary: save_epoch1

num_checkpoint: 301
num_generated: 201
num_noised: 5x4
original_acc_mean: 0.5490870431893687
original_acc_max: 0.5604
original_acc_min: 0.5377
original_acc_std: 0.004548417806920054
original_acc_median: 0.5488
generated_acc_mean: 0.555276119402985
generated_acc_max: 0.5612
generated_acc_min: 0.5469
generated_acc_std: 0.002326128221563865
generated_acc_median: 0.5552
noise=0.0100_acc_mean: 0.5512
noise=0.0300_acc_mean: 0.5521199999999999
noise=0.0500_acc_mean: 0.5514
noise=0.1000_acc_mean: 0.54112

origin-origin: 0.8371961440227118
generated-generated: 0.8993010136724104
origin-generated: 0.8593237153774894
origin-generated(max): 0.8861725456461587

noise_intensity=0.01
noised-noised: 0.8412920289341163
origin-noised: 0.8424217541964005
origin-noised(max): 0.9886716313167078

noise_intensity=0.03
noised-noised: 0.8598062283436931
origin-noised: 0.8379345371610145
origin-noised(max): 0.967554821275915

noise_intensity=0.05
noised-noised: 0.8285621781426655
origin-noised: 0.8336615168332884
origin-noised(max): 0.9508673727096587

noise_intensity=0.1
noised-noised: 0.7999745546006938
origin-noised: 0.8183939201602559
origin-noised(max): 0.904414617433759

==> start drawing..
plot saved to plot_save_epoch1.png
