

===============================================
Summary: food101_vitbase

num_checkpoint: 296
num_generated: 201
num_noised: 50x4
original_acc_mean: 0.9116897243778431
original_acc_max: 0.9134653465346535
original_acc_min: 0.9100594059405941
original_acc_std: 0.0006792961841802455
original_acc_median: 0.9115643564356436
generated_acc_mean: 0.9127654795330279
generated_acc_max: 0.9135445544554456
generated_acc_min: 0.9114059405940594
generated_acc_std: 0.0003301747789647715
generated_acc_median: 0.9127524752475248
noise=0.0100_acc_mean: 0.9116966336633665
noise=0.0300_acc_mean: 0.9117433663366336
noise=0.0500_acc_mean: 0.9115112871287129
noise=0.1000_acc_mean: 0.911730693069307

origin-origin: 0.8525189463840128
generated-generated: 0.9384772193061285
origin-generated: 0.8821644016605474
origin-generated(max): 0.9061922371713093

noise_intensity=0.01
noised-noised: 0.8513016542949015
origin-noised: 0.8527963699107481
origin-noised(max): 0.996306195913384

noise_intensity=0.03
noised-noised: 0.8520688340606087
origin-noised: 0.8529330832738948
origin-noised(max): 0.991833032837443

noise_intensity=0.05
noised-noised: 0.8517362110996131
origin-noised: 0.8526955723624441
origin-noised(max): 0.9878183831015253

noise_intensity=0.1
noised-noised: 0.8518678829266632
origin-noised: 0.8529145376061996
origin-noised(max): 0.9789809081693782

==> start drawing..
plot saved to plot_food101_vitbase.png
