

===============================================
Summary: flowers_convnexttiny

num_checkpoint: 160
num_generated: 201
num_noised: 50x4
original_acc_mean: 0.9786093267197918
original_acc_max: 0.9838998211091234
original_acc_min: 0.9746300211416491
original_acc_std: 0.0021240653099094207
original_acc_median: 0.9783704667425598
generated_acc_mean: 0.981174789574651
generated_acc_max: 0.9837371930395187
generated_acc_min: 0.9772320702553261
generated_acc_std: 0.0010279778830686616
generated_acc_median: 0.9812977719954464
noise=0.0100_acc_mean: 0.9785623678646934
noise=0.0300_acc_mean: 0.9781980809887787
noise=0.0500_acc_mean: 0.9789103919336476
noise=0.1000_acc_mean: 0.9783899821109123

origin-origin: 0.5962879431432365
generated-generated: 0.7693215932214084
origin-generated: 0.6426085971334363
origin-generated(max): 0.7479959262477437

noise_intensity=0.01
noised-noised: 0.593516225260001
origin-noised: 0.5974078779258539
origin-noised(max): 0.9850763030899486

noise_intensity=0.03
noised-noised: 0.6012601293223855
origin-noised: 0.6011394616428329
origin-noised(max): 0.9687764068848046

noise_intensity=0.05
noised-noised: 0.5869677663204467
origin-noised: 0.5932245183399432
origin-noised(max): 0.9479429970217734

noise_intensity=0.1
noised-noised: 0.5798998703032341
origin-noised: 0.5895938979192343
origin-noised(max): 0.9058187858272336

==> start drawing..
plot saved to plot_flowers_convnexttiny.png
