

===============================================
Summary: stl10_convnet

num_checkpoint: 196
num_generated: 201
num_noised: 50x4
original_acc_mean: 0.46064540816326527
original_acc_max: 0.4725
original_acc_min: 0.43075
original_acc_std: 0.007376333628069329
original_acc_median: 0.4623125
generated_acc_mean: 0.46575621890547264
generated_acc_max: 0.473875
generated_acc_min: 0.4575
generated_acc_std: 0.0033063605040778827
generated_acc_median: 0.46575
noise=0.0100_acc_mean: 0.4610825
noise=0.0300_acc_mean: 0.45685
noise=0.0500_acc_mean: 0.4563125
noise=0.1000_acc_mean: 0.438735

origin-origin: 0.8414285736539541
generated-generated: 0.9211553660953716
origin-generated: 0.8705189816112123
origin-generated(max): 0.9230531016930724

noise_intensity=0.01
noised-noised: 0.8324575434784686
origin-noised: 0.8377866822262643
origin-noised(max): 0.9760066289984356

noise_intensity=0.03
noised-noised: 0.8239447801809658
origin-noised: 0.8321750679771543
origin-noised(max): 0.9350163715158903

noise_intensity=0.05
noised-noised: 0.7966091781176243
origin-noised: 0.8172433843573651
origin-noised(max): 0.8994112647186409

noise_intensity=0.1
noised-noised: 0.7175124136325017
origin-noised: 0.7576826416594441
origin-noised(max): 0.8206096835319754

==> start drawing..
plot saved to plot_stl10_convnet.png
