

===============================================
Summary: stl10_convnet

num_checkpoint: 300
num_generated: 201
num_noised: 5x4
original_acc_mean: 0.46007
original_acc_max: 0.4835
original_acc_min: 0.43225
original_acc_std: 0.009274320280574025
original_acc_median: 0.4609375
generated_acc_mean: 0.46425062189054733
generated_acc_max: 0.482125
generated_acc_min: 0.440875
generated_acc_std: 0.007437326208434392
generated_acc_median: 0.46525
noise=0.0100_acc_mean: 0.45417499999999994
noise=0.0300_acc_mean: 0.45685000000000003
noise=0.0500_acc_mean: 0.4484
noise=0.1000_acc_mean: 0.448975

origin-origin: 0.7956689078214111
generated-generated: 0.8277428954485717
origin-generated: 0.8092388659129193
origin-generated(max): 0.8840366348280363

noise_intensity=0.01
noised-noised: 0.8188779085920166
origin-noised: 0.7988823947414706
origin-noised(max): 0.9770399708104703

noise_intensity=0.03
noised-noised: 0.7572816964748947
origin-noised: 0.7791367256533892
origin-noised(max): 0.9400191791858081

noise_intensity=0.05
noised-noised: 0.7573482453367563
origin-noised: 0.7805696268583288
origin-noised(max): 0.8925217434322512

noise_intensity=0.1
noised-noised: 0.7021340885544557
origin-noised: 0.7476371150909444
origin-noised(max): 0.8328519757466946

==> start drawing..
plot saved to plot_stl10_convnet.png
