

===============================================
Summary: stl10_mlp

num_checkpoint: 198
num_generated: 201
num_noised: 50x4
original_acc_mean: 0.33443623737373734
original_acc_max: 0.35
original_acc_min: 0.316375
original_acc_std: 0.006799548548532891
original_acc_median: 0.33481249999999996
generated_acc_mean: 0.34186753731343283
generated_acc_max: 0.349875
generated_acc_min: 0.32925
generated_acc_std: 0.004256828757946266
generated_acc_median: 0.342375
noise=0.0100_acc_mean: 0.3346225
noise=0.0300_acc_mean: 0.33387999999999995
noise=0.0500_acc_mean: 0.3349325
noise=0.1000_acc_mean: 0.33100500000000005

origin-origin: 0.8351184907183378
generated-generated: 0.8823796919407855
origin-generated: 0.8523096086758606
origin-generated(max): 0.8900291919753737

noise_intensity=0.01
noised-noised: 0.8355241242868802
origin-noised: 0.8362845843610943
origin-noised(max): 0.9894190900502196

noise_intensity=0.03
noised-noised: 0.8315165987874541
origin-noised: 0.8340138901413483
origin-noised(max): 0.9708175675741927

noise_intensity=0.05
noised-noised: 0.822471856388598
origin-noised: 0.8287588021524273
origin-noised(max): 0.9521041155488881

noise_intensity=0.1
noised-noised: 0.8069227180184692
origin-noised: 0.819402294822979
origin-noised(max): 0.911748947609153

==> start drawing..
plot saved to plot_stl10_mlp.png
