

===============================================
Summary: cifar100_vitbase

num_checkpoint: 391
num_generated: 200
num_noised: 50x3
original_acc_mean: 0.911120716112532
original_acc_max: 0.9132
original_acc_min: 0.9085
original_acc_std: 0.0009308607785126146
original_acc_median: 0.911
generated_acc_mean: 0.9114024999999999
generated_acc_max: 0.9128
generated_acc_min: 0.9101
generated_acc_std: 0.0005112179085282467
generated_acc_median: 0.9114
noise=0.0100_acc_mean: 0.9113380000000001
noise=0.0300_acc_mean: 0.9111959999999999
noise=0.1000_acc_mean: 0.9109619999999999

origin-origin: 0.8427216214680403
generated-generated: 0.9361996778057486
origin-generated: 0.8546048956037148
origin-generated(max): 0.8995936095169376

noise_intensity=0.01
noised-noised: 0.8437402486378603
origin-noised: 0.8437371114454992
origin-noised(max): 0.9957975992713601

noise_intensity=0.03
noised-noised: 0.8396822798242402
origin-noised: 0.8421867050732503
origin-noised(max): 0.9925297495540403

noise_intensity=0.1
noised-noised: 0.8405501201499476
origin-noised: 0.8418761393471359
origin-noised(max): 0.9832323495017472

==> start drawing..
plot saved to plot_cifar100_vitbase.png
