

===============================================
Summary: pets_vitbase

num_checkpoint: 58
num_generated: 201
num_noised: 50x4
original_acc_mean: 0.9279565041681938
original_acc_max: 0.934314527119106
original_acc_min: 0.9165985282093213
original_acc_std: 0.004761666522171881
original_acc_median: 0.9294085581902426
generated_acc_mean: 0.931743571594196
generated_acc_max: 0.9348596347778686
generated_acc_min: 0.9277732352139547
generated_acc_std: 0.0015652709086958671
generated_acc_median: 0.9318615426546742
noise=0.0100_acc_mean: 0.9282365767239028
noise=0.0300_acc_mean: 0.9279640228945217
noise=0.0500_acc_mean: 0.9280621422730988
noise=0.1000_acc_mean: 0.928149359498501

origin-origin: 0.6391776659637219
generated-generated: 0.8917330591328417
origin-generated: 0.7044922807523997
origin-generated(max): 0.8047805627340345

noise_intensity=0.01
noised-noised: 0.6424282754862344
origin-noised: 0.6467639107523077
origin-noised(max): 0.9951783077232287

noise_intensity=0.03
noised-noised: 0.63892253770882
origin-noised: 0.645444539902297
origin-noised(max): 0.9921666585585197

noise_intensity=0.05
noised-noised: 0.6411604049755573
origin-noised: 0.6463229249519029
origin-noised(max): 0.9880022257282696

noise_intensity=0.1
noised-noised: 0.6404588001025978
origin-noised: 0.6456947714389611
origin-noised(max): 0.976991902078903

==> start drawing..
plot saved to plot_pets_vitbase.png
