

===============================================
Summary: numberckpt_391

num_checkpoint: 391
num_generated: 201
num_noised: 50x4
original_acc_mean: 0.7689902813299233
original_acc_max: 0.7743
original_acc_min: 0.7633
original_acc_std: 0.002398125370304371
original_acc_median: 0.7692
generated_acc_mean: 0.7736820895522389
generated_acc_max: 0.7778
generated_acc_min: 0.7697
generated_acc_std: 0.0012602920027830497
generated_acc_median: 0.7736
noise=0.0100_acc_mean: 0.768942
noise=0.0300_acc_mean: 0.76822
noise=0.0500_acc_mean: 0.7674060000000001
noise=0.1000_acc_mean: 0.763504

origin-origin: 0.7886847031966817
generated-generated: 0.8881399938988542
origin-generated: 0.8256480947283449
origin-generated(max): 0.8649204329667654

noise_intensity=0.01
noised-noised: 0.7861357116705441
origin-noised: 0.7877654335742523
origin-noised(max): 0.9838656207301326

noise_intensity=0.03
noised-noised: 0.7786933082179586
origin-noised: 0.7843640766019264
origin-noised(max): 0.9544488965465848

noise_intensity=0.05
noised-noised: 0.7734004380046946
origin-noised: 0.7803247123247821
origin-noised(max): 0.925735925817492

noise_intensity=0.1
noised-noised: 0.7274776855718561
origin-noised: 0.7540834757959373
origin-noised(max): 0.8588299848343959

==> start drawing..
plot saved to plot_numberckpt_391.png
