

===============================================
Summary: food101_convnexttiny

num_checkpoint: 296
num_generated: 201
num_noised: 50x4
original_acc_mean: 0.9117263848006422
original_acc_max: 0.916910891089109
original_acc_min: 0.9082772277227723
original_acc_std: 0.0011434668417442903
original_acc_median: 0.9118019801980198
generated_acc_mean: 0.9153773705728783
generated_acc_max: 0.9168316831683169
generated_acc_min: 0.9138613861386139
generated_acc_std: 0.0005148469230942259
generated_acc_median: 0.9154059405940594
noise=0.0100_acc_mean: 0.9115619801980199
noise=0.0300_acc_mean: 0.9114724752475248
noise=0.0500_acc_mean: 0.9116617821782178
noise=0.1000_acc_mean: 0.9116871287128714

origin-origin: 0.7529639048805536
generated-generated: 0.8977837356583402
origin-generated: 0.7869617618706621
origin-generated(max): 0.8259791734610511

noise_intensity=0.01
noised-noised: 0.751075888914796
origin-noised: 0.7520570188672796
origin-noised(max): 0.993405836215062

noise_intensity=0.03
noised-noised: 0.7492330145761873
origin-noised: 0.7517106773690877
origin-noised(max): 0.9838369299137187

noise_intensity=0.05
noised-noised: 0.7481010240993569
origin-noised: 0.7514194093922517
origin-noised(max): 0.9755127001255707

noise_intensity=0.1
noised-noised: 0.7489743076222242
origin-noised: 0.7517358681747208
origin-noised(max): 0.9523957492032241

==> start drawing..
plot saved to plot_food101_convnexttiny.png
