

===============================================
Summary: stl10_convnext

num_checkpoint: 187
num_generated: 201
num_noised: 50x4
original_acc_mean: 0.47561631016042777
original_acc_max: 0.47925
original_acc_min: 0.47225
original_acc_std: 0.001284292193606995
original_acc_median: 0.4755
generated_acc_mean: 0.47629353233830846
generated_acc_max: 0.480875
generated_acc_min: 0.47025
generated_acc_std: 0.0019252112270747692
generated_acc_median: 0.47625
noise=0.0100_acc_mean: 0.4759275
noise=0.0300_acc_mean: 0.47459
noise=0.0500_acc_mean: 0.4733675000000001
noise=0.1000_acc_mean: 0.46875999999999995

origin-origin: 0.9643679265651921
generated-generated: 0.9328555070424396
origin-generated: 0.9099643406925089
origin-generated(max): 0.9317006308945611

noise_intensity=0.01
noised-noised: 0.9603307849013729
origin-noised: 0.9624488268912597
origin-noised(max): 0.9879977162595472

noise_intensity=0.03
noised-noised: 0.9385115333727763
origin-noised: 0.94909116304102
origin-noised(max): 0.9657543674200211

noise_intensity=0.05
noised-noised: 0.9081890965132664
origin-noised: 0.928528120518742
origin-noised(max): 0.9437775034086043

noise_intensity=0.1
noised-noised: 0.8488215598840043
origin-noised: 0.8853999595217582
origin-noised(max): 0.8980773727217936

==> start drawing..
plot saved to plot_stl10_convnext.png
