

===============================================
Summary: cifar10_convnexttiny

num_checkpoint: 391
num_generated: 201
num_noised: 50x4
original_acc_mean: 0.9840409207161125
original_acc_max: 0.9852
original_acc_min: 0.9811
original_acc_std: 0.0006373403587130668
original_acc_median: 0.9841
generated_acc_mean: 0.9845572139303483
generated_acc_max: 0.9851
generated_acc_min: 0.9841
generated_acc_std: 0.00018836874761907048
generated_acc_median: 0.9845
noise=0.0100_acc_mean: 0.983994
noise=0.0300_acc_mean: 0.9840139999999999
noise=0.0500_acc_mean: 0.9840939999999999
noise=0.1000_acc_mean: 0.983826

origin-origin: 0.7198348231708747
generated-generated: 0.9391449513183211
origin-generated: 0.7823378285047994
origin-generated(max): 0.9033926473909537

noise_intensity=0.01
noised-noised: 0.7228740558218452
origin-noised: 0.7215448909624822
origin-noised(max): 0.9938483534639647

noise_intensity=0.03
noised-noised: 0.7113389625640352
origin-noised: 0.7162453023672227
origin-noised(max): 0.987610327064882

noise_intensity=0.05
noised-noised: 0.7260992207311419
origin-noised: 0.7239804972844929
origin-noised(max): 0.982243973149876

noise_intensity=0.1
noised-noised: 0.7139040457425417
origin-noised: 0.717217248256071
origin-noised(max): 0.9677698210632939

==> start drawing..
plot saved to plot_cifar10_convnexttiny.png
