

===============================================
Summary: numberckpt_500

num_checkpoint: 500
num_generated: 201
num_noised: 50x4
original_acc_mean: 0.7637092
original_acc_max: 0.775
original_acc_min: 0.756
original_acc_std: 0.00304655795283792
original_acc_median: 0.7637
generated_acc_mean: 0.7705169154228856
generated_acc_max: 0.7753
generated_acc_min: 0.7664
generated_acc_std: 0.0015955823459469164
generated_acc_median: 0.7704
noise=0.0100_acc_mean: 0.764264
noise=0.0300_acc_mean: 0.7627839999999999
noise=0.0500_acc_mean: 0.7628480000000001
noise=0.1000_acc_mean: 0.75902

origin-origin: 0.7671243241452081
generated-generated: 0.8749463059063222
origin-generated: 0.8063544004417533
origin-generated(max): 0.8464409266822019

noise_intensity=0.01
noised-noised: 0.7626457362912206
origin-noised: 0.7642297995699452
origin-noised(max): 0.9850013902992691

noise_intensity=0.03
noised-noised: 0.7614041164881211
origin-noised: 0.765270552584244
origin-noised(max): 0.9579157061145248

noise_intensity=0.05
noised-noised: 0.7528042447204666
origin-noised: 0.7602462943672926
origin-noised(max): 0.931557788924987

noise_intensity=0.1
noised-noised: 0.7213362808698771
origin-noised: 0.7420333768621666
origin-noised(max): 0.8705060025358797

==> start drawing..
plot saved to plot_numberckpt_500.png
