

===============================================
Summary: save_epoch3

num_checkpoint: 391
num_generated: 201
num_noised: 50x4
original_acc_mean: 0.6865061381074169
original_acc_max: 0.6924
original_acc_min: 0.6803
original_acc_std: 0.002493257028483495
original_acc_median: 0.6865
generated_acc_mean: 0.6930537313432835
generated_acc_max: 0.6968
generated_acc_min: 0.6863
generated_acc_std: 0.0018297971797082706
generated_acc_median: 0.6932
noise=0.0100_acc_mean: 0.6864140000000001
noise=0.0300_acc_mean: 0.686432
noise=0.0500_acc_mean: 0.684414
noise=0.1000_acc_mean: 0.680804

origin-origin: 0.7928070395704178
generated-generated: 0.8888816125188784
origin-generated: 0.8262317607446811
origin-generated(max): 0.855372083110657

noise_intensity=0.01
noised-noised: 0.7936843320751619
origin-noised: 0.794264151319781
origin-noised(max): 0.9857697206567541

noise_intensity=0.03
noised-noised: 0.7863471564222333
origin-noised: 0.7895054545439252
origin-noised(max): 0.9599685259069483

noise_intensity=0.05
noised-noised: 0.7816538084063599
origin-noised: 0.786867037046198
origin-noised(max): 0.9362565401070362

noise_intensity=0.1
noised-noised: 0.7439824424445489
origin-noised: 0.7653928134314694
origin-noised(max): 0.8806755488650265

==> start drawing..
plot saved to plot_save_epoch3.png
