

===============================================
Summary: pets_resnet18

num_checkpoint: 58
num_generated: 201
num_noised: 50x4
original_acc_mean: 0.882515201924794
original_acc_max: 0.8907059144180975
original_acc_min: 0.8713545925320251
original_acc_std: 0.004943269968327295
original_acc_median: 0.883483237939493
generated_acc_mean: 0.8874637442387409
generated_acc_max: 0.8939765603706732
generated_acc_min: 0.8798037612428454
generated_acc_std: 0.0029722046041597435
generated_acc_median: 0.8877078222949032
noise=0.0100_acc_mean: 0.8828563641319161
noise=0.0300_acc_mean: 0.8823003543199782
noise=0.0500_acc_mean: 0.8810575088579996
noise=0.1000_acc_mean: 0.8794548923412374

origin-origin: 0.6855624473549273
generated-generated: 0.7674764173206077
origin-generated: 0.7111958654422972
origin-generated(max): 0.7830816011300683

noise_intensity=0.01
noised-noised: 0.686419430771379
origin-noised: 0.6908058026967442
origin-noised(max): 0.981327316414868

noise_intensity=0.03
noised-noised: 0.680861006162994
origin-noised: 0.6877011813801107
origin-noised(max): 0.947295392798543

noise_intensity=0.05
noised-noised: 0.6719933444799744
origin-noised: 0.6822244762099818
origin-noised(max): 0.9197808182021957

noise_intensity=0.1
noised-noised: 0.642379655120702
origin-noised: 0.6629106291997587
origin-noised(max): 0.8409585352746574

==> start drawing..
plot saved to plot_pets_resnet18.png
