

===============================================
Summary: cifar100_resnet18

num_checkpoint: 391
num_generated: 200
num_noised: 50x5
original_acc_mean: 0.7676066496163684
original_acc_max: 0.7742
original_acc_min: 0.755
original_acc_std: 0.002803241962669695
original_acc_median: 0.768
generated_acc_mean: 0.7633525
generated_acc_max: 0.7684
generated_acc_min: 0.7561
generated_acc_std: 0.0021474155978757304
generated_acc_median: 0.7635
noise=0.0100_acc_mean: 0.7676100000000001
noise=0.0300_acc_mean: 0.7677520000000001
noise=0.0500_acc_mean: 0.766522
noise=0.1000_acc_mean: 0.7620920000000001
noise=0.2000_acc_mean: 0.7460359999999998

origin-origin: 0.7475087730459714
generated-generated: 0.8409094189864744
origin-generated: 0.7270533617225303
origin-generated(max): 0.7666378274085287

noise_intensity=0.01
noised-noised: 0.7480562601553877
origin-noised: 0.7481248266192985
origin-noised(max): 0.983811291187491

noise_intensity=0.03
noised-noised: 0.7473948864996246
origin-noised: 0.7473091812619382
origin-noised(max): 0.9557384347514898

noise_intensity=0.05
noised-noised: 0.7362998901889206
origin-noised: 0.7424748085993753
origin-noised(max): 0.9252053648697136

noise_intensity=0.1
noised-noised: 0.7042134081690803
origin-noised: 0.723162216190918
origin-noised(max): 0.8565081890716089

noise_intensity=0.2
noised-noised: 0.6213665846536481
origin-noised: 0.6641641240277808
origin-noised(max): 0.7410351383465471

==> start drawing..
plot saved to plot_cifar100_resnet18.png
