

===============================================
Summary: cifar100_resnet18

num_checkpoint: 391
num_generated: 201
num_noised: 50x4
original_acc_mean: 0.7573874680306905
original_acc_max: 0.7716
original_acc_min: 0.7501
original_acc_std: 0.0034145501039903998
original_acc_median: 0.7575
generated_acc_mean: 0.7673457711442786
generated_acc_max: 0.773
generated_acc_min: 0.7607
generated_acc_std: 0.0023700650803170982
generated_acc_median: 0.7675
noise=0.0100_acc_mean: 0.756492
noise=0.0300_acc_mean: 0.7572240000000001
noise=0.0500_acc_mean: 0.756816
noise=0.1000_acc_mean: 0.751966

origin-origin: 0.7177362058158259
generated-generated: 0.8117060080754024
origin-generated: 0.7514030478764203
origin-generated(max): 0.7937318227229531

noise_intensity=0.01
noised-noised: 0.7165826619209131
origin-noised: 0.7174925423137224
origin-noised(max): 0.9851979825718297

noise_intensity=0.03
noised-noised: 0.7220807320075658
origin-noised: 0.719524388768864
origin-noised(max): 0.9608906234068205

noise_intensity=0.05
noised-noised: 0.7106946545096309
origin-noised: 0.7151342348739412
origin-noised(max): 0.9332180210571362

noise_intensity=0.1
noised-noised: 0.6839177783191313
origin-noised: 0.6996028388167616
origin-noised(max): 0.874972060387755

==> start drawing..
plot saved to plot_cifar100_resnet18.png
