

===============================================
Summary: in1k_vitbase

num_checkpoint: 201
num_generated: 201
num_noised: 50x4
original_acc_mean: 0.8477930348258707
original_acc_max: 0.8499
original_acc_min: 0.84538
original_acc_std: 0.0007378624794554561
original_acc_median: 0.8478
generated_acc_mean: 0.8490291542288558
generated_acc_max: 0.85066
generated_acc_min: 0.8427
generated_acc_std: 0.0010429692501749395
generated_acc_median: 0.84924
noise=0.0100_acc_mean: 0.8477255999999999
noise=0.0300_acc_mean: 0.8477731999999999
noise=0.0500_acc_mean: 0.8478588
noise=0.1000_acc_mean: 0.8476180000000001

origin-origin: 0.8268306582617041
generated-generated: 0.8791343804012066
origin-generated: 0.8476334972809264
origin-generated(max): 0.8691568230093362

noise_intensity=0.01
noised-noised: 0.8247905824374707
origin-noised: 0.8266739231656451
origin-noised(max): 0.9933305087633956

noise_intensity=0.03
noised-noised: 0.8273445914895635
origin-noised: 0.8279054586966903
origin-noised(max): 0.9883670281222521

noise_intensity=0.05
noised-noised: 0.8259487513867841
origin-noised: 0.8272060786959181
origin-noised(max): 0.9829266623658998

noise_intensity=0.1
noised-noised: 0.8229364561434429
origin-noised: 0.825623874531202
origin-noised(max): 0.9668094055969684

==> start drawing..
plot saved to plot_in1k_vitbase.png
